
eight points:

East:

613, 134
605, 137
587, 141
511, 158
507, 163
462, 173
616, 161
473, 168
133, 139
613, 162
584, 112
575, 114
144, 108
165, 113
120, 113
188, 132
95,  127
62,  148
119, 137
224, 139
424, 138
636, 139
568, 136
497, 96
448, 126
591, 130
80,  70
110, 88

West:

169, 289
154, 284
137, 279
76,  257
62,  256
40,  247
72,  289
52,  248
108, 185
70,  286
173, 254
161, 252
134, 170
144, 177
121, 169
125, 191
91,  171
78,  178
100, 180
66,  189
74,  221
148, 298
150, 271
226, 229
136, 230
178, 279
233, 149
189, 160



ARL1.jpg: 0,0 ft -> 600,300 px; 500,500 ft -> 1100,800 px

real pole coordinates: 1260,1115 (nw), 1260,1300 (sw), 1625,1300 (se), 1625,1115 (ne)

East:

549,113 (nw), 381,66 (sw), 72,108 (se), 216,199 (ne)

warp[0][0] = -2.338014
warp[0][1] = 17.751938
warp[0][2] = 1489.883057
warp[1][0] = -1.409673
warp[1][1] = 7.820812
warp[1][2] = 1847.853027
warp[2][0] = -0.000598
warp[2][1] = 0.009594
warp[2][2] = 1.000000


West:

233,268 (nw), 400,208 (sw), 168,164 (se), 9,205 (ne)

warp[0][0] = -2.517027
warp[0][1] = 8.837743
warp[0][2] = 4995.756836
warp[1][0] = 3.399174
warp[1][1] = 9.221576
warp[1][2] = 2734.428955
warp[2][0] = 0.001031
warp[2][1] = 0.015444
warp[2][2] = 1.000000


Map:

852,523 (nw), 852,560 (sw), 925,560 (se), 925,523 (ne)

warp[0][0] = 5.000000
warp[0][1] = 0.000000
warp[0][2] = -3000.000000
warp[1][0] = -0.000000
warp[1][1] = 5.000000
warp[1][2] = -1500.000000
warp[2][0] = -0.000000
warp[2][1] = 0.000000
warp[2][2] = 1.000000


